5.5
13.4443
18.8385
25.2549
32.7138
41.232
50.8234
61.4998
73.2718
86.1483
100.138
115.247
131.483
148.852
167.359
187.01
207.81
229.762
252.871
277.141
302.576
329.179
356.953
385.902
416.029
447.337
479.828
513.505
548.371
584.427
621.677
660.123
699.767
740.61
782.656
825.905
870.361
916.024
962.896
1010.98
1060.28
1110.79
1162.52
1215.46
1269.63
1325.01
1381.62
1439.46
1498.51
1558.8
1620.31
1683.05
1747.02
1812.23
1878.66
1946.33
2015.24
2085.38
2156.76
2229.38
2303.24
2378.34
2454.68
2532.27
2611.1
2691.17
2772.49
2855.06
2938.88
3023.94
3110.26
3197.82
3286.64
3376.71
3468.04
3560.61
3654.45
3749.54
3845.88
3943.49
4042.35
4142.47
4243.85
4346.5
4450.4
4555.57
4662
4769.7
4878.65
4988.88
5100.37
5213.13
5327.15
5442.45
5559.01
5676.84
5795.94
5916.32
6037.96
6160.88
6285.07
6410.53
6537.27
6665.28
6794.57
6925.13
7056.98
7190.09
7324.49
7460.16
7597.12
7735.35
7874.86
8015.65
8157.73
8301.08
8445.72
8591.64
8738.85
8887.34
9037.11
9188.17
9340.52
9494.15
9649.06
9805.27
9962.76
10121.5
10281.6
10443
10605.6
10769.5
10934.8
11101.3
11269.1
11438.2
11608.6
11780.3
11953.3
12127.5
12303.1
12480
12658.1
12837.6
13018.3
13200.4
13383.7
13568.4
13754.3
13941.6
14130.1
14319.9
14511.1
14703.5
14897.2
15092.3
15288.6
15486.2
15685.2
15885.4
16087
16289.8
16494
16699.4
16906.2
17114.3
17323.6
17534.3
17746.3
17959.6
18174.2
18390.1
18607.3
18825.8
19045.6
19266.8
19489.2
19713
19938
20164.4
20392.1
20621.1
20851.4
21083
21315.9
21550.2
21785.7
22022.6
22260.7
22500.2
22741
22983.2
23226.6
23471.3
23717.4
23964.8
24213.5
24463.5
24714.8
24967.4
25221.4
25476.7
25733.3
25991.2
26250.4
26511
26772.8
27036
27300.5
27566.3
27833.5
28102
28371.7
28642.8
28915.3
29189
29464.1
29740.5
30018.2
30297.2
30577.6
30859.3
31142.3
31426.6
31712.3
31999.3
32287.6
32577.2
32868.2
33160.4
33454
33749
34045.2
34342.8
34641.7
34942
35243.5
35546.4
35850.7
36156.2
36463.1
36771.3
37080.8
37391.7
37703.9
38017.4
38332.3
38648.5
38966
39284.8
39605
39926.5
40249.4
40573.5
40899
41225.9
41554.1
41883.6
42214.4
42546.6
42880.1
43214.9
43551.1
43888.6
44227.4
44567.6
44909.1
45252
45596.1
45941.7
46288.5
46636.7
46986.2
47337.1
47689.3
48042.8
48397.7
48753.9
49111.5
49470.3
49830.6
50192.1
50555
50919.3
51284.9
51651.8
52020
52389.6
52760.6
53132.9
53506.5
53881.4
54257.7
54635.4
55014.4
55394.7
55776.4
56159.4
56543.7
56929.4
57316.5
57704.8
58094.6
58485.6
58878
59271.8
59666.9
60063.3
60461.1
60860.3
61260.7
61662.6
62065.7
62470.2
62876.1
63283.3
63691.8
64101.7
64513
64925.6
65339.5
65754.8
66171.4
66589.4
67008.7
67429.4
67851.4
68274.8
68699.5
69125.6
69553
69981.7
70411.8
70843.3
71276.1
71710.3
72145.8
72582.6
73020.9
73460.4
73901.3
74343.6
74787.2
75232.2
75678.5
76126.2
76575.2
77025.6
77477.3
77930.4
78384.8
78840.6
79297.7
79756.2
80216
80677.2
81139.8
81603.7
82068.9
82535.5
83003.5
83472.8
83943.5
84415.5
84888.9
85363.6
85839.7
86317.2
86796
87276.1
87757.7
88240.5
88724.8
89210.3
89697.3
90185.6
90675.2
91166.3
91658.6
92152.4
92647.4
93143.9
93641.7
94140.9
94641.4
95143.2
95646.5
96151.1
96657
97164.3
97673
98183.1
98694.4
99207.2
99721.3
100237
100754
101272
101791
102312
102835
103358
103883
104410
104937
105466
105997
106529
107062
107596
108132
108669
109208
109748
110289
110832
111376
111922
112468
113017
113566
114117
114669
115223
115778
116334
116892
117451
118012
118573
119137
119701
120267
120834
121403
121973
122544
123117
123691
124267
124843
125422
126001
126582
127165
127748
128333
128920
129507
130097
130687
131279
131872
132467
133063
133660
134259
134859
135461
136063
136668
137273
137880
138489
139098
139709
140322
140936
141551
142167
142785
143405
144025
144647
145271
145895
146522
147149
147778
148408
149040
149673
150307
150943
151580
152219
152859
153500
154143
154787
155432
156079
156727
157376
158027
158680
159333
159988
160645
161302
161961
162622
163284
163947
164612
165278
165945
166614
167284
167955
168628
169303
169978
170655
171334
172013
172695
173377
174061
174746
175433
176121
176810
177501
178193
178887
179582
180278
180976
181675
182375
183077
183781
184485
185191
185898
186607
187317
188029
188742
189456
190171
190888
191607
192327
193048
193770
194494
195220
195946
196674
197404
198135
198867
199600
200335
201072
201809
202548
203289
204031
204774
205519
206265
207012
207761
208511
209263
210016
210770
211526
212283
213041
213801
214562
215325
216089
216854
217621
218389
219159
219930
220702
221476
222251
223028
223805
224585
225365
226147
226931
227716
228502
229289
230078
230869
231660
232453
233248
234044
234841
235640
236440
237241
238044
238848
239654
240461
241269
242079
242890
243703
244517
245332
246149
246967
247786
248607
249429
250253
251078
251905
252732
253562
254392
255224
256058
256892
257728
258566
259405
260245
261087
261930
262775
263621
264468
265317
266167
267018
267871
268725
269581
270438
271296
272156
273017
273880
274744
275609
276476
277344
278214
279085
279957
280831
281706
282582
283460
284340
285220
286102
286986
287871
288757
289645
290534
291424
292316
293209
294104
295000
295897
296796
297696
298598
299501
300405
301311
302218
303127
304037
304948
305861
306775
307691
308608
309526
310446
311367
312290
313213
314139
315066
315994
316923
317854
318786
319720
320655
321592
322530
323469
324410
325352
326295
327240
328186
329134
330083
331034
331986
332939
333894
334850
335807
336766
337726
338688
339651
340615
341581
342549
343517
344487
345459
346432
347406
348382
349359
350337
351317
352298
353281
354265
355250
356237
357226
358215
359206
360199
361193
362188
363185
364183
365182
366183
367185
368189
369194
370201
371208
372218
373228
374240
375254
376269
377285
378303
379322
380342
381364
382388
383412
384439
385466
386495
387525
388557
389590
390625
391661
392698
393737
394777
395818
396861
397906
398951
399999
401047
402097
403149
404201
405255
406311
407368
408426
409486
410547
411610
412674
413740
414806
415875
416944
418015
419088
420162
421237
422314
423392
424471
425552
426634
427718
428803
429890
430978
432067
433158
434250
435343
436438
437535
438632
439732
440832
441934
443038
444142
445249
446356
447465
448576
449687
450801
451915
453031
454149
455268
456388
457510
458633
459757
460883
462011
463139
464270
465401
466534
467668
468804
469941
471080
472220
473362
474504
475649
476794
477941
479090
480240
481391
482544
483698
484853
486010
487169
488328
489490
490652
491816
492981
494148
495316
496486
497657
498830
500003
501179
502355
503534
504713
505894
507076
508260
509445
510632
511820
513009
514200
515392
516586
517781
518977
520175
521374
522575
523777
524981
526186
527392
528600
529809
531020
532232
533445
534660
535876
537094
538313
539533
540755
541978
543203
544429
545657
546886
548116
549348
550581
551816
553052
554289
555528
556768
558010
559253
560498
561744
562991
564240
565490
566742
567995
569249
570505
571762
573021
574281
575542
576805
578070
579335
580603
581871
583141
584413
585685
586960
588235
589512
590791
592071
593352
594635
595919
597205
598492
599780
601070
602361
603654
604948
606243
607540
608839
610138
611440
612742
614046
615352
616658
617967
619276
620588
621900
623214
624529
625846
627164
628484
629805
631127
632451
633777
635103
636431
637761
639092
640424
641758
643093
644430
645768
647107
648448
649791
651134
652480
653826
655174
656524
657874
659227
660580
661935
663292
664650
