5.5
13.284
18.2907
24.1822
30.9719
38.6705
47.2868
56.8284
67.3016
78.7122
91.065
104.364
118.614
133.818
149.98
167.102
185.187
204.237
224.256
245.244
267.205
290.14
314.052
338.941
364.809
391.658
419.49
448.305
478.106
508.893
540.668
573.432
607.185
641.93
677.667
714.397
752.121
790.84
830.556
871.268
912.978
955.686
999.394
1044.1
1089.81
1136.52
1184.24
1232.95
1282.67
1333.4
1385.13
1437.86
1491.6
1546.35
1602.11
1658.87
1716.65
1775.43
1835.22
1896.03
1957.84
2020.67
2084.5
2149.35
2215.22
2282.09
2349.98
2418.89
2488.81
2559.74
2631.69
2704.66
2778.64
2853.64
2929.66
3006.7
3084.75
3163.82
3243.91
3325.03
3407.16
3490.31
3574.48
3659.67
3745.88
3833.12
3921.37
4010.65
4100.95
4192.28
4284.63
4378
4472.39
4567.81
4664.25
4761.72
4860.22
4959.74
5060.28
5161.85
5264.45
5368.07
5472.72
5578.4
5685.11
5792.84
5901.6
6011.39
6122.21
6234.05
6346.93
6460.84
6575.77
6691.73
6808.73
6926.75
7045.81
7165.9
7287.01
7409.16
7532.34
7656.56
7781.8
7908.08
8035.39
8163.73
8293.1
8423.51
8554.95
8687.43
8820.94
8955.48
9091.06
9227.67
9365.31
9504
9643.71
9784.46
9926.25
10069.1
10212.9
10357.8
10503.8
10650.7
10798.7
10947.8
11097.9
11249
11401.1
11554.3
11708.5
11863.8
12020.1
12177.5
12335.8
12495.3
12655.7
12817.2
12979.8
13143.3
13308
13473.6
13640.3
13808
13976.8
14146.6
14317.5
14489.4
14662.3
14836.3
15011.3
15187.4
15364.5
15542.7
15721.9
15902.1
16083.4
16265.7
16449
16633.4
16818.9
17005.4
17192.9
17381.5
17571.1
17761.8
17953.5
18146.2
18340
18534.8
18730.7
18927.7
19125.6
19324.6
19524.7
19725.8
19928
20131.2
20335.4
20540.7
20747
20954.4
21162.8
21372.3
21582.8
21794.4
22007
22220.7
22435.4
22651.1
22867.9
23085.8
23304.7
23524.6
23745.6
23967.6
24190.7
24414.9
24640
24866.3
25093.5
25321.9
25551.2
25781.7
26013.1
26245.7
26479.2
26713.9
26949.5
27186.2
27424
27662.8
27902.7
28143.6
28385.6
28628.6
28872.7
29117.8
29364
29611.2
29859.5
30108.8
30359.2
30610.6
30863.1
31116.6
31371.2
31626.8
31883.5
32141.2
32400
32659.8
32920.7
33182.7
33445.6
33709.7
33974.8
34240.9
34508.1
34776.4
35045.7
35316.1
35587.5
35860
36133.5
36408.1
36683.7
36960.4
37238.1
37516.9
37796.7
38077.6
38359.6
38642.6
38926.7
39211.8
39498
39785.2
40073.5
40362.8
40653.2
40944.6
41237.1
41530.7
41825.3
42121
42417.7
42715.4
43014.3
43314.2
43615.1
43917.1
44220.2
44524.3
44829.4
45135.7
45443
45751.3
46060.7
46371.1
46682.6
46995.2
47308.8
47623.5
47939.2
48256
48573.9
48892.8
49212.8
49533.8
49855.9
50179
50503.2
50828.4
51154.8
51482.1
51810.6
52140
52470.6
52802.2
53134.9
53468.6
53803.4
54139.2
54476.1
54814
55153.1
55493.1
55834.3
56176.5
56519.7
56864
57209.4
57555.8
57903.3
58251.9
58601.5
58952.1
59303.9
59656.6
60010.5
60365.4
60721.4
61078.4
61436.5
61795.6
62155.9
62517.1
62879.5
63242.9
63607.3
63972.8
64339.4
64707
65075.7
65445.5
65816.3
66188.2
66561.1
66935.1
67310.2
67686.3
68063.5
68441.8
68821.1
69201.5
69582.9
69965.4
70349
70733.6
71119.3
71506
71893.9
72282.7
72672.7
73063.7
73455.7
73848.9
74243.1
74638.3
75034.6
75432
75830.4
76230
76630.5
77032.2
77434.8
77838.6
78243.4
78649.3
79056.3
79464.3
79873.4
80283.5
80694.7
81107
81520.3
81934.7
82350.2
82766.7
83184.3
83603
84022.7
84443.5
84865.3
85288.2
85712.2
86137.3
86563.4
86990.5
87418.8
87848.1
88278.5
88709.9
89142.4
89576
90010.6
90446.3
90883.1
91320.9
91759.8
92199.7
92640.8
93082.9
93526
93970.2
94415.5
94861.9
95309.3
95757.8
96207.4
96658
97109.7
97562.4
98016.3
98471.1
98927.1
99384.1
99842.2
100301
100762
101223
101685
102149
102613
103079
103545
104013
104482
104952
105423
105894
106368
106842
107317
107793
108270
108749
109228
109709
110190
110673
111157
111641
112127
112614
113102
113591
114081
114572
115065
115558
116052
116548
117044
117542
118041
118541
119041
119543
120046
120550
121055
121561
122069
122577
123086
123597
124108
124621
125134
125649
126165
126682
127200
127719
128239
128760
129282
129805
130330
130855
131382
131909
132438
132968
133498
134030
134563
135097
135632
136168
136706
137244
137783
138324
138865
139408
139951
140496
141042
141589
142136
142685
143235
143787
144339
144892
145446
146002
146558
147116
147674
148234
148795
149357
149920
150484
151049
151615
152182
152750
153320
153890
154462
155034
155608
156183
156758
157335
157913
158492
159072
159653
160236
160819
161403
161989
162575
163163
163752
164341
164932
165524
166117
166711
167306
167902
168500
169098
169697
170298
170899
171502
172106
172710
173316
173923
174531
175140
175750
176362
176974
177587
178202
178817
179434
180051
180670
181290
181911
182533
183156
183780
184405
185031
185659
186287
186917
187547
188179
188812
189445
190080
190716
191353
191991
192630
193271
193912
194554
195198
195842
196488
197135
197783
198431
199081
199732
200384
201038
201692
202347
203003
203661
204319
204979
205640
206302
206964
207628
208293
208959
209626
210295
210964
211634
212306
212978
213652
214327
215002
215679
216357
217036
217716
218397
219080
219763
220447
221133
221819
222507
223196
223885
224576
225268
225961
226655
227350
228047
228744
229442
230142
230842
231544
232247
232950
233655
234361
235068
235776
236485
237196
237907
238619
239333
240047
240763
241480
242198
242916
243636
244357
245080
245803
246527
247252
247979
248706
249435
250165
250895
251627
252360
253094
253829
254565
255302
256041
256780
257520
258262
259005
259748
260493
261239
261986
262734
263483
264233
264984
265737
266490
267245
268000
268757
269515
270273
271033
271794
272556
273319
274084
274849
275615
276383
277151
277921
278691
279463
280236
281010
281785
282561
283338
284117
284896
285676
286458
287240
288024
288809
289595
290381
291169
291959
292749
293540
294332
295126
295920
296716
297512
298310
299109
299909
300710
301512
302315
303119
303924
304731
305538
306347
307156
307967
308779
309591
310405
311220
312036
312854
313672
314491
315312
316133
316956
317779
318604
319430
320257
321085
321914
322744
323575
324408
325241
326076
326911
327748
328586
329424
330264
331105
331947
332791
333635
334480
335327
336174
337023
337872
338723
339575
340428
341282
342137
342993
343850
344708
345568
346428
347290
348153
349016
349881
350747
351614
352482
353351
354221
355093
355965
356839
357713
358589
359466
360343
361222
362102
362983
363866
364749
365633
366518
367405
368293
369181
370071
370962
371854
372747
373641
374536
375432
376329
377228
378127
379028
379930
380832
381736
382641
383547
384454
385362
386272
387182
388093
389006
389920
390834
391750
392667
393585
394504
395424
396345
397267
398191
399115
400041
400967
401895
402824
403754
404685
405617
406550
407484
408419
409356
410293
411232
412171
413112
414054
414997
415941
416886
417832
418779
419728
420677
421628
422579
423532
424486
425440
426396
427353
428312
429271
430231
431192
432155
433118
434083
435049
436015
436983
437952
438922
439893
440866
441839
442813
443789
444765
445743
446722
447702
448683
449665
450648
451632
452617
453603
454591
455579
456569
457560
458551
459544
460538
461533
462529
463527
464525
465524
466525
467526
468529
469533
470538
471544
472551
473559
474568
475578
476589
477602
478615
479630
480646
481662
482680
483699
484719
485741
486763
487786
488810
489836
490863
491890
492919
493949
494980
496012
497045
498079
499114
500151
501188
502227
503266
504307
505349
506392
507436
508481
509527
510574
511623
512672
513722
514774
515827
516881
517935
518991
520048
521107
522166
523226
524287
525350
526414
