5.5
13.7344
19.7299
26.7633
34.8053
43.8299
53.8141
64.7369
76.5798
89.3257
102.959
117.466
132.834
149.049
166.102
183.98
202.676
222.178
242.479
263.571
285.444
308.093
331.509
355.687
380.619
406.3
432.723
459.884
487.776
516.394
545.734
575.79
606.558
638.033
670.211
703.087
736.659
770.92
805.869
841.5
877.811
914.798
952.457
990.785
1029.78
1069.44
1109.75
1150.73
1192.35
1234.63
1277.55
1321.12
1365.34
1410.19
1455.68
1501.8
1548.56
1595.95
1643.96
1692.6
1741.87
1791.75
1842.25
1893.37
1945.1
1997.45
2050.4
2103.97
2158.14
2212.91
2268.29
2324.27
2380.85
2438.02
2495.79
2554.15
2613.11
2672.65
2732.79
2793.51
2854.81
2916.7
2979.17
3042.22
3105.85
3170.06
3234.85
3300.21
3366.14
3432.64
3499.72
3567.36
3635.57
3704.35
3773.69
3843.6
3914.06
3985.09
4056.68
4128.83
4201.53
4274.79
4348.61
4422.98
4497.9
4573.37
4649.4
4725.97
4803.09
4880.75
4958.97
5037.72
5117.03
5196.87
5277.25
5358.18
5439.64
5521.64
5604.18
5687.26
5770.87
5855.02
5939.7
6024.91
6110.65
6196.92
6283.73
6371.06
6458.92
6547.31
6636.22
6725.65
6815.62
6906.1
6997.11
7088.64
7180.68
7273.25
7366.34
7459.95
7554.07
7648.71
7743.87
7839.54
7935.72
8032.42
8129.63
8227.35
8325.58
8424.33
8523.58
8623.34
8723.61
8824.39
8925.67
9027.46
9129.76
9232.55
9335.86
9439.66
9543.97
9648.78
9754.09
9859.9
9966.21
10073
10180.3
10288.1
10396.4
10505.2
10614.5
10724.3
10834.6
10945.4
11056.6
11168.4
11280.6
11393.4
11506.6
11620.3
11734.5
11849.2
11964.4
12080.1
12196.3
12312.9
12430.1
12547.7
12665.8
12784.4
12903.4
13023
13143
13263.6
13384.6
13506
13628
13750.4
13873.4
13996.7
14120.6
14245
14369.8
14495.1
14620.9
14747.1
14873.9
15001.1
15128.8
15256.9
15385.5
15514.6
15644.2
15774.2
15904.8
16035.7
16167.2
16299.1
16431.5
16564.3
16697.7
16831.5
16965.7
17100.4
17235.6
17371.3
17507.4
17644
17781.1
17918.6
18056.5
18195
18333.9
18473.3
18613.1
18753.4
18894.1
19035.3
19177
19319.1
19461.7
19604.7
19748.2
19892.2
20036.6
20181.5
20326.8
20472.6
20618.8
20765.5
20912.7
21060.3
21208.3
21356.9
21505.8
21655.2
21805.1
21955.4
22106.2
22257.4
22409.1
22561.2
22713.8
22866.8
23020.3
23174.2
23328.6
23483.4
23638.7
23794.4
23950.5
24107.1
24264.2
24421.7
24579.6
24738
24896.8
25056.1
25215.8
25376
25536.6
25697.7
25859.2
26021.1
26183.5
26346.3
26509.6
26673.3
26837.4
27002
27167
27332.5
27498.4
27664.7
27831.5
27998.7
28166.3
28334.4
28503
28671.9
28841.3
29011.2
29181.4
29352.1
29523.3
29694.9
29866.9
30039.3
30212.2
30385.5
30559.3
30733.4
30908.1
31083.1
31258.6
31434.5
31610.8
31787.6
31964.8
32142.4
32320.5
32499
32677.9
32857.3
33037
33217.3
33397.9
33579
33760.4
33942.4
34124.7
34307.5
34490.7
34674.3
34858.4
35042.9
35227.8
35413.1
35598.9
35785
35971.6
36158.7
36346.1
36534
36722.3
36911
37100.2
37289.7
37479.7
37670.1
37861
38052.2
38243.9
38436
38628.5
38821.4
39014.8
39208.6
39402.8
39597.4
39792.4
39987.9
40183.8
40380
40576.8
40773.9
40971.4
41169.4
41367.8
41566.6
41765.8
41965.4
42165.4
42365.9
42566.8
42768.1
42969.8
43171.9
43374.4
43577.4
43780.7
43984.5
44188.7
44393.3
44598.3
44803.7
45009.6
45215.8
45422.5
45629.6
45837
46044.9
46253.3
46462
46671.1
46880.6
47090.6
47301
47511.7
47722.9
47934.5
48146.5
48358.9
48571.7
48784.9
48998.6
49212.6
49427.1
49641.9
49857.2
50072.8
50288.9
50505.4
50722.3
50939.6
51157.3
51375.4
51593.9
51812.8
52032.1
52251.9
52472
52692.5
52913.5
53134.8
53356.6
53578.7
53801.3
54024.2
54247.6
54471.3
54695.5
54920.1
55145
55370.4
55596.2
55822.3
56048.9
56275.9
56503.3
56731
56959.2
57187.8
57416.8
57646.1
57875.9
58106.1
58336.7
58567.6
58799
59030.8
59262.9
59495.5
59728.5
59961.8
60195.6
60429.8
60664.3
60899.3
61134.6
61370.4
61606.5
61843
62080
62317.3
62555
62793.1
63031.6
63270.6
63509.9
63749.6
63989.7
64230.1
64471
64712.3
64954
65196
65438.5
65681.3
65924.6
66168.2
66412.2
66656.7
66901.5
67146.7
67392.3
67638.3
67884.6
68131.4
68378.6
68626.1
68874.1
69122.4
69371.1
69620.2
69869.8
70119.6
70369.9
70620.6
70871.7
71123.1
71375
71627.2
71879.8
72132.8
72386.2
72640
72894.2
73148.7
73403.7
73659
73914.7
74170.8
74427.3
74684.2
74941.5
75199.2
75457.2
75715.6
75974.4
76233.6
76493.2
76753.2
77013.5
77274.3
77535.4
77796.9
78058.8
78321.1
78583.8
78846.8
79110.3
79374.1
79638.3
79902.9
80167.8
80433.2
80698.9
80965
81231.5
81498.4
81765.7
82033.3
82301.3
82569.7
82838.5
83107.7
83377.3
83647.2
83917.5
84188.2
84459.3
84730.8
85002.6
85274.8
85547.4
85820.4
86093.8
86367.5
86641.6
86916.1
87191
87466.2
87741.9
88017.9
88294.3
88571.1
88848.2
89125.7
89403.6
89681.9
89960.6
90239.6
90519.1
90798.8
91079
91359.6
91640.5
91921.8
92203.5
92485.5
92768
93050.8
93333.9
93617.5
93901.4
94185.8
94470.4
94755.5
95040.9
95326.8
95612.9
95899.5
96186.4
96473.7
96761.4
97049.5
97337.9
97626.7
97915.9
98205.5
98495.4
98785.7
99076.4
99367.4
99658.8
99950.6
100243
100535
100828
101122
101415
101709
102004
102298
102593
102889
103185
103481
103778
104075
104372
104670
104968
105266
105565
105865
106164
106464
106764
107065
107366
107668
107969
108272
108574
108877
109180
109484
109788
110092
110397
110702
111008
111314
111620
111926
112233
112541
112848
113156
113465
113774
114083
114392
114702
115012
115323
115634
115945
116257
116569
116882
117195
117508
117821
118135
118449
118764
119079
119394
119710
120026
120343
120660
120977
121294
121612
121931
122249
122568
122888
123207
123527
123848
124169
124490
124811
125133
125456
125778
126101
126425
126748
127072
127397
127722
128047
128372
128698
129024
129351
129678
130005
130333
130661
130989
131318
131647
131977
132307
132637
132967
133298
133630
133961
134293
134626
134958
135292
135625
135959
136293
136627
136962
137298
137633
137969
138305
138642
138979
139316
139654
139992
140331
140669
141009
141348
141688
142028
142369
142710
143051
143393
143735
144077
144420
144763
145106
145450
145794
146139
146484
146829
147174
147520
147867
148213
148560
148908
149255
149603
149952
150300
150650
150999
151349
151699
152050
152400
152752
153103
153455
153807
154160
154513
154866
155220
155574
155929
156283
156638
156994
157350
157706
158062
158419
158776
159134
159492
159850
160209
160568
160927
161287
161647
162007
162368
162729
163090
163452
163814
164177
164540
164903
165266
165630
165994
166359
166724
167089
167455
167821
168187
168554
168921
169288
169656
170024
170392
170761
171130
171500
171870
172240
172610
172981
173352
173724
174096
174468
174840
175213
175587
175960
176334
176709
177083
177458
177834
178209
178585
178962
179339
179716
180093
180471
180849
181227
181606
181985
182365
182745
183125
183505
183886
184268
184649
185031
185413
185796
186179
186562
186946
187330
187714
188099
188484
188869
189255
189641
190027
190414
190801
191189
191576
191965
192353
192742
193131
193520
193910
194300
194691
195082
195473
195865
196256
196649
197041
197434
197827
198221
198615
199009
199404
199799
200194
200590
200986
201382
201779
202176
202573
202971
203369
203767
204166
204565
204964
205364
205764
206164
206565
206966
207368
207769
208171
208574
208977
209380
209783
210187
210591
210996
211400
211806
212211
212617
213023
213430
213836
214244
214651
215059
215467
215876
216285
216694
217103
217513
217924
218334
218745
219156
219568
219980
220392
220805
221218
221631
222044
222458
222873
223287
223702
224117
224533
224949
225365
225782
226199
226616
227034
227452
227870
228289
228708
229127
229547
229967
230387
230808
231229
231650
232072
232494
232916
233339
233762
234185
234609
235033
235457
235882
236307
236732
237158
237584
238010
238437
238864
239291
239719
240147
240575
241004
241433
241862
242292
