5.5
14.0557
20.7971
28.7733
37.9377
48.25
59.675
72.1819
85.7435
100.335
115.935
132.523
150.08
168.59
188.037
208.407
229.686
251.862
274.923
298.858
323.656
349.307
375.802
403.132
431.289
460.264
490.049
520.638
552.023
584.197
617.155
650.888
685.392
720.661
756.688
793.469
830.998
869.271
908.281
948.025
988.498
1029.69
1071.61
1114.24
1157.59
1201.64
1246.4
1291.85
1338
1384.84
1432.38
1480.6
1529.5
1579.07
1629.33
1680.25
1731.85
1784.11
1837.04
1890.62
1944.87
1999.77
2055.32
2111.52
2168.37
2225.86
2283.99
2342.76
2402.17
2462.22
2522.89
2584.2
2646.13
2708.69
2771.88
2835.68
2900.1
2965.14
3030.8
3097.06
3163.94
3231.43
3299.52
3368.22
3437.52
3507.43
3577.93
3649.03
3720.73
3793.02
3865.9
3939.38
4013.44
4088.1
4163.33
4239.15
4315.56
4392.54
4470.11
4548.25
4626.97
4706.27
4786.14
4866.58
4947.59
5029.17
5111.32
5194.04
5277.32
5361.16
5445.57
5530.54
5616.07
5702.16
5788.8
5876
5963.76
6052.07
6140.93
6230.34
6320.31
6410.82
6501.88
6593.48
6685.64
6778.33
6871.57
6965.35
7059.67
7154.53
7249.93
7345.87
7442.34
7539.35
7636.9
7734.97
7833.58
7932.72
8032.4
8132.6
8233.32
8334.58
8436.36
8538.67
8641.51
8744.86
8848.74
8953.14
9058.06
9163.5
9269.46
9375.94
9482.94
9590.45
9698.48
9807.02
9916.07
10025.6
10135.7
10246.3
10357.4
10469
10581.1
10693.8
10806.9
10920.5
11034.7
11149.3
11264.5
11380.2
11496.3
11613
11730.1
11847.8
11966
12084.6
12203.8
12323.4
12443.6
12564.2
12685.4
12807
12929.1
13051.8
13174.9
13298.5
13422.6
13547.2
13672.2
13797.8
13923.9
14050.4
14177.4
14304.9
14432.9
14561.4
14690.4
14819.8
14949.8
15080.2
15211.1
15342.4
15474.3
15606.6
15739.4
15872.7
16006.5
16140.7
16275.5
16410.7
16546.3
16682.5
16819.1
16956.2
17093.8
17231.8
17370.3
17509.3
17648.8
17788.7
17929.1
18070
18211.3
18353.1
18495.4
18638.1
18781.3
18925
19069.1
19213.7
19358.8
19504.3
19650.3
19796.7
19943.6
20091
20238.9
20387.1
20535.9
20685.1
20834.8
20984.9
21135.5
21286.6
21438.1
21590
21742.4
21895.3
22048.6
22202.4
22356.7
22511.4
22666.5
22822.1
22978.1
23134.6
23291.6
23449
23606.9
23765.2
23923.9
24083.1
24242.8
24402.9
24563.4
24724.4
24885.8
25047.7
25210
25372.8
25536
25699.7
25863.8
26028.4
26193.4
26358.8
26524.7
26691
26857.8
27025
27192.7
27360.7
27529.3
27698.2
27867.7
28037.5
28207.8
28378.5
28549.7
28721.3
28893.3
29065.8
29238.7
29412
29585.8
29760
29934.7
30109.7
30285.3
30461.2
30637.6
30814.4
30991.7
31169.3
31347.4
31526
31705
31884.4
32064.2
32244.4
32425.1
32606.3
32787.8
32969.8
33152.2
33335
33518.3
33702
33886.1
34070.6
34255.6
34441
34626.8
34813
34999.7
35186.8
35374.3
35562.2
35750.5
35939.3
36128.5
36318.1
36508.2
36698.7
36889.5
37080.8
37272.6
37464.7
37657.3
37850.3
38043.7
38237.5
38431.7
38626.4
38821.5
39017
39212.9
39409.2
39606
39803.1
40000.7
40198.7
40397.1
40595.9
40795.2
40994.8
41194.9
41395.3
41596.2
41797.5
41999.3
42201.4
42403.9
42606.9
42810.2
43014
43218.2
43422.8
43627.8
43833.2
44039.1
44245.3
44451.9
44659
44866.5
45074.3
45282.6
45491.3
45700.4
45909.9
46119.8
46330.1
46540.8
46752
46963.5
47175.4
47387.8
47600.5
47813.7
48027.3
48241.2
48455.6
48670.4
48885.5
49101.1
49317.1
49533.5
49750.3
49967.4
50185
50403
50621.4
50840.2
51059.4
51279
51499
51719.4
51940.2
52161.4
52382.9
52604.9
52827.3
53050.1
53273.3
53496.9
53720.9
53945.2
54170
54395.2
54620.7
54846.7
55073.1
55299.8
55527
55754.5
55982.5
56210.8
56439.5
56668.7
56898.2
57128.1
57358.4
57589.1
57820.2
58051.7
58283.6
58515.8
58748.5
58981.6
59215
59448.9
59683.1
59917.7
60152.7
60388.1
60623.9
60860.1
61096.7
61333.6
61571
61808.7
62046.9
62285.4
62524.3
62763.6
63003.3
63243.4
63483.8
63724.7
63965.9
64207.5
64449.5
64691.9
64934.7
65177.9
65421.4
65665.4
65909.7
66154.4
66399.5
66645
66890.8
67137.1
67383.7
67630.7
67878.1
68125.9
68374.1
68622.7
68871.6
69120.9
69370.6
69620.7
69871.1
70122
70373.2
70624.8
70876.8
71129.2
71381.9
71635.1
71888.6
72142.5
72396.7
72651.4
72906.4
73161.8
73417.6
73673.8
73930.4
74187.3
74444.6
74702.3
74960.3
75218.8
75477.6
75736.8
75996.4
76256.3
76516.6
76777.3
77038.4
77299.9
77561.7
77823.9
78086.5
78349.4
78612.8
78876.5
79140.6
79405
79669.9
79935.1
80200.6
80466.6
80732.9
80999.6
81266.7
81534.2
81802
82070.2
82338.7
82607.7
82877
83146.7
83416.7
83687.2
83958
84229.1
84500.7
84772.6
85044.9
85317.5
85590.6
85863.9
86137.7
86411.8
86686.4
86961.2
87236.5
87512.1
87788.1
88064.4
88341.1
88618.2
88895.7
89173.5
89451.7
89730.3
90009.2
90288.5
90568.2
90848.2
91128.6
91409.4
91690.5
91972
92253.8
92536.1
92818.7
93101.6
93385
93668.7
93952.7
94237.1
94521.9
94807.1
95092.6
95378.5
95664.7
95951.3
96238.3
96525.6
96813.3
97101.4
97389.8
97678.6
97967.8
98257.3
98547.2
98837.4
99128
99419
99710.3
100002
100294
100586
100879
101172
101466
101760
102054
102349
102644
102939
103234
103530
103827
104124
104421
104718
105016
105314
105613
105912
106211
106510
106810
107111
107411
107712
108014
108316
108618
108920
109223
109526
109830
110134
110438
110743
111048
111353
111659
111965
112271
112578
112885
113192
113500
113808
114117
114426
114735
115044
115354
115665
115975
116286
116598
116909
117222
117534
117847
118160
118473
118787
119101
119416
119731
120046
120362
120677
120994
121310
121627
121945
122262
122580
122899
123218
123537
123856
124176
124496
124817
125137
125459
125780
126102
126424
126747
127070
127393
127717
128041
128365
128690
129015
129340
129666
129992
130318
130645
130972
131300
131628
131956
132284
132613
132942
133272
133602
133932
134263
134594
134925
135256
135588
135921
136253
136586
136920
137253
137587
137922
138257
138592
138927
139263
139599
139935
140272
140609
140947
141285
141623
141961
142300
142639
142979
143319
143659
144000
144340
144682
145023
145365
145708
146050
146393
146736
147080
147424
147768
148113
148458
148803
149149
149495
149841
150188
150535
150883
151230
151578
151927
152276
152625
152974
153324
153674
154024
154375
154726
155078
155430
155782
156134
156487
156840
157194
157547
157902
158256
158611
158966
159322
159677
160034
160390
160747
161104
161462
161820
162178
162536
162895
163254
163614
163974
164334
164695
165056
165417
165778
166140
166503
166865
167228
167591
167955
168319
168683
169047
169412
169778
170143
170509
170875
171242
171609
171976
172344
172712
173080
173448
173817
174187
174556
174926
175296
175667
176038
176409
176781
177152
177525
177897
178270
178643
179017
179391
179765
180140
180514
180890
181265
181641
182017
182394
182771
183148
183525
183903
184281
184660
185039
185418
185797
186177
186557
186938
187319
187700
188081
188463
188845
189228
189611
189994
190377
190761
191145
191529
191914
192299
192685
193070
193456
193843
194230
194617
195004
195392
195780
196168
196557
196946
197335
197725
198115
198505
198896
199287
199678
200070
200462
200854
201246
201639
202033
202426
202820
203214
203609
204004
204399
204794
205190
205586
205983
206380
206777
207174
207572
207970
208369
208767
209167
209566
209966
210366
210766
211167
211568
211969
212371
212773
213175
213578
213981
214384
214788
215192
215596
216000
216405
216811
217216
217622
218028
218435
218841
219249
219656
220064
220472
220880
221289
221698
222108
222517
222927
223338
223748
224159
224571
224982
225394
225806
226219
226632
227045
227459
227873
228287
228701
229116
229531
229947
230363
230779
231195
231612
232029
232446
232864
233282
233700
234119
234538
234957
235377
235797
236217
236637
237058
237480
237901
238323
238745
239167
239590
240013
240437
240860
241285
241709
242134
242559
242984
243409
243835
244262
244688
245115
245542
245970
246398
