# RW05 spectrum file generated from ROOT
155
0
569869
8361772
14829210
16624690
16334483
15155710
13046318
10416276
7999814
6220556
5172712
4819785
4327957
3782496
3350744
3295471
3163700
2877869
2778470
2473139
2142791
1917711
1659100
1432882
1264786
1092672
983354
886733
806028
757501
718076
676948
626053
567708
524593
489176
454379
424823
400886
376289
351582
327195
303906
284245
262774
245166
226417
209331
190233
174645
159078
145680
131574
119655
107304
96153
86613
78916
70098
64092
57241
51475
46578
42023
37173
32482
28832
25535
22065
18906
16351
14451
12583
10947
9790
8627
7507
6620
5803
4915
4108
3583
2889
2459
2156
1773
1492
1251
1144
933
864
732
634
543
469
429
347
319
268
229
202
163
130
134
118
122
90
61
70
56
48
39
31
34
32
15
20
18
8
10
10
6
6
11
4
4
8
4
2
0
1
1
1
2
4
4
1
3
0
3
1
3
0
3
4
1
2
1
3
0
0
0
1
0
